17825588	201604	33302.95	25098214	0
17059727	201605	2487.77	64978366	0
50504955	201608	3954	K2872087	0
21063858	201606	1680	89177818	0
17303594	201610	30000	17303594	0
17303594	201604	850000	17303594	0
17303594	201608	70000	17303594	0
17303594	201610	270000	17303594	0
17303594	201701	50000	17303594	0
17303594	201611	6500000	17303594	0
17303594	201604	282000	17303594	0
17303594	201607	560000	17303594	0
17303594	201612	30000	17303594	0
17303594	201604	2772.4	17303594	0
17303594	201610	1400000	17303594	0
17303594	201609	1400000	17303594	0
17303594	201609	50000	17303594	0
17303594	201610	70000	17303594	0
17303594	201609	70000	17303594	0
17303594	201609	1100000	17303594	0
17303594	201604	282000	17303594	0
17303594	201608	250000	17303594	0
17303594	201610	50000	17303594	0
17303594	201611	50000	17303594	0
17303594	201608	250000	17303594	0
17303594	201611	15000	17303594	0
17303594	201609	60000	17303594	0
17303594	201607	2500000	17303594	0
17303594	201608	2000	17303594	0
17303594	201612	50000	17303594	0
17303594	201610	1000000	17303594	0
17303594	201610	1400000	17303594	0
17303594	201610	1000000	17303594	0
17303594	201609	1400000	17303594	0
17303594	201608	610000	17303594	0
17303594	201606	300000	17303594	0
17303594	201610	800000	17303594	0
17303594	201607	3045000	17303594	0
17303594	201604	40000	17303594	0
17303594	201611	40000	17303594	0
17303594	201604	40000	17303594	0
17303594	201608	2772.4	17303594	0
17303594	201608	70000	17303594	0
17303594	201608	2000	17303594	0
17303594	201607	2500000	17303594	0
17303594	201604	850000	17303594	0
17303594	201611	80000	17303594	0
17303594	201611	70000	17303594	0
17303594	201606	2800000	17303594	0
17303594	201610	100000	17303594	0
17303594	201608	610000	17303594	0
17303594	201610	30000	17303594	0
17303594	201609	50000	17303594	0
17303594	201611	30000	17303594	0
17303594	201611	20000	17303594	0
17303594	201610	800000	17303594	0
17303594	201611	6500000	17303594	0
17303594	201612	30000	17303594	0
17303594	201607	3045000	17303594	0
17303594	201606	300000	17303594	0
17303594	201604	2526	17303594	0
17303594	201607	560000	17303594	0
17303594	201606	2800000	17303594	0
17303594	201701	100000	17303594	0
17303594	201610	270000	17303594	0
17303594	201612	60000	17303594	0
17303594	201609	1100000	17303594	0
17303594	201609	100000	17303594	0
25321561	201609	3214.36	50528609	0
17722605	201608	2999.99	50528609	0
15536087	201610	18338		0
17997307	201604	120680.57		0
19100815	201607	2074.3		0
17153976	201609	12995.2		0
69803251	201604	570352.16		0
36611079	201607	23200		0
22374505	201607	260		0
97153208	201612	46035		0
18237798	201607	3400		0
96600959	201604	92764.1		0
17116032	201612	14424		0
67550542	201610	119823		0
22188765	201608	3643.38		0
26745346	201605	305370		0
26798198	201606	10911		0
22986908	201610	67211		0
22056125	201606	239551.88		0
19377152	201611	4101		0
17053031	201605	32690		0
19404984	201604	1531.27		0
17510746	201612	195046.62		0
18255672	201612	200000		0
19772797	201607	4118		0
18938393	201605	515		0
79195133	201607	7000		0
56065665	201608	1560		0
97199648	201611	588928.77		0
18790484	201608	253881.25		0
53554714	201608	30400		0
51216708	201610	180000		0
17289784	201606	1513.4		1
17171463	201604	6090		0
60986645	201610	6416.31		0
25676520	201609	13369		0
90355684	201604	12307		0
17114745	201607	31625.77		0
17630691	201605	513573.79		0
17262052	201607	9269		0
17328516	201612	975		0
18145567	201604	2055467.5		0
23705687	201606	44440.06		0
17630691	201605	23076.9		0
17289887	201607	517973.77		0
52148073	201612	4400		0
67129023	201607	288461.8		0
97732723	201604	10000		0
93363709	201611	2307		0
18215961	201611	8557.58		0
18075840	201612	976		0
38414149	201612	47474		0
63693316	201605	424748.97		0
21725660	201510	19838.5		0
18612945	201612	76800		0
38063073	201610	545022.95		0
17192725	201608	1880		0
25220599	201607	403904.2		0
90872235	201604	7000		0
35735882	201609	1345		0
54238329	201608	8930.98		0
36949780	201701	1995.44		0
17938649	201611	132965.1		0
94799296	201610	3016		0
94339128	201606	67118		0
37844160	201612	116526.2		0
36368525	201603	18152.78		0
17667860	201611	1457		0
93297380	201608	9334		0
19100815	201610	11600		0
68873317	201610	13589.21		0
17636662	201611	392.57		0
21019387	201608	6084.41		0
17933136	201607	25655		0
90355684	201607	539.63		0
17630691	201607	56014.08		0
17349831	201608	350240.54		0
17484307	201609	141767		0
17279828	201612	2087		0
50791273	201608	432152.35		0
19646462	201605	6205.9		0
17518760	201607	14077.78		0
36611079	201605	7026		0
19422329	201606	4060004.24		0
70437951	201510	2000		0
95245613	201605	349.33		0
94925754	201608	17921.64		0
22741523	201608	9932.5		0
19404984	201612	390723.38		0
64324088	201604	26766.25		0
60986645	201612	176964.54		0
12714822	201612	17400		0
63100658	201607	123098		0
55357125	201610	828.01		0
81544232	201604	1034		0
86105564	201607	4836.02		0
71199028	201604	450000		0
20693827	201605	55008.23		0
94160688	201609	1298		0
17349831	201610	8680		0
20825492	201610	12179.33		0
19646462	201605	581		0
72106650	201607	545000		0
23705687	201610	9000		0
18790484	201604	761.25		0
56503667	201608	79207		0
21564330	201604	4774.41		0
37283376	201606	363		0
14343571	201608	5380.1		0
91017983	201610	1794.32		0
17576235	201612	48188		0
78827403	201605	2800		0
17280158	201608	100009.9		0
23249843	201604	1765000		0
19169029	201604	44080		0
36946328	201607	17539		0
49545632	201607	25151.96		0
57939348	201610	11000		0
24416280	201510	3576		0
17760018	201606	6335.42		0
77005838	201610	1217		0
17116345	201611	148478.19		0
18632783	201612	68327.6		0
55252388	201611	2659		0
17288951	201603	157818.48		0
20728320	201610	624300		0
91280394	201609	3270		0
90921977	201606	11984		0
71199028	201611	22980.97		0
24538468	201607	5188		0
21222387	201609	0		0
17212168	201604	900		0
17244386	201604	15015	22519951	0
10740572	201604	3000	B2207349	0
10740572	201607	6000	B2207349	0
10740572	201611	6000	B2207349	0
24538468	201604	223.38	84302349	0
24538468	201604	273.52	84302349	0
24538468	201611	284.89	84302349	0
24538468	201610	281.47	84302349	0
24538468	201605	274.88	84302349	0
24538468	201608	706.64	84302349	0
24538468	201612	303.09	84302349	0
24538468	201606	274.88	84302349	0
24538468	201610	226	84302349	0
24538468	201604	324.84	84302349	0
24538468	201607	222.13	84302349	0
24538468	201607	262.38	84302349	0
24538468	201609	215.88	84302349	0
24538468	201611	363.38	84302349	0
24538468	201605	222.13	84302349	0
24538468	201608	239.63	84302349	0
24538468	201612	424.05	84302349	0
24538468	201612	262.72	84302349	0
24538468	201609	228.72	84302349	0
24538468	201605	222.13	84302349	0
24538468	201610	428.97	84302349	0
24538468	201607	433.18	84302349	0
24538468	201608	433.18	84302349	0
24538468	201611	210.9	84302349	0
24538468	201609	369.63	84302349	0
24538468	201606	222.13	84302349	0
24538468	201701	409.77	84302349	0
24538468	201606	215.88	84302349	0
24538468	201610	275.22	84302349	0
24538468	201612	2224.33	84302349	0
24538468	201605	1053.47	84302349	0
24538468	201612	222.13	84302349	0
24538468	201609	321.23	84302349	0
24538468	201604	467.59	84302349	0
24538468	201612	228	84302349	0
24538468	201609	274.88	84302349	0
24538468	201611	410.3	84302349	0
24538468	201605	417.8	84302349	0
24538468	201608	215.88	84302349	0
24538468	201607	243	84302349	0
24538468	201608	274.88	84302349	0
24538468	201606	433.18	84302349	0
11339139	201612	12213.99	B5088600	0
11339139	201612	5115.6	B5088600	0
11339139	201611	12911.18	B5088600	0
73409524	201605	2910.44	19610879	0
55038233	201605	11352.92	19610879	0
73409524	201612	6339.4	19610879	0
55038233	201612	10605.88	19610879	0
55038233	201611	6595.76	19610879	0
55038233	201605	5497.24	19610879	0
55038233	201609	3532.2	19610879	0
55038233	201612	8113.04	19610879	0
23755502	201604	2448.24	19610879	0
55038233	201610	29081.2	19610879	0
55038233	201609	5018.16	19610879	0
23755502	201608	624.08	19610879	0
55038233	201604	10097.8	19610879	0
55038233	201608	4718.88	19610879	0
23755502	201612	2031.16	19610879	0
73409524	201608	663.52	19610879	0
23755502	201605	1968.52	19610879	0
73409524	201607	2743.4	19610879	0
55038233	201604	10601.24	19610879	0
91323602	201605	1325.88	19610879	0
55038233	201605	544.04	19610879	0
55038233	201607	9336.84	19610879	0
55038233	201610	5773.32	19610879	0
94149067	201605	661.2	19610879	0
91323602	201510	4078.56	19610879	0
23755502	201604	4152.8	19610879	0
55038233	201606	3843.08	19610879	0
68873317	201612	885.08	19610879	0
55038233	201606	3839.6	19610879	0
55038233	201605	9680.2	19610879	0
55038233	201606	4366.24	19610879	0
55038233	201607	6596.92	19610879	0
55038233	201607	3712	19610879	0
94149067	201608	1737.6	19610879	0
55038233	201701	31069.44	19610879	0
55038233	201604	2199.36	19610879	0
55038233	201608	6644.48	19610879	0
23755502	201604	1426.8	19610879	0
73409524	201605	4213.12	19610879	0
55038233	201608	9340.32	19610879	0
55038233	201604	7071.36	19610879	0
91323602	201610	1340.96	19610879	0
73409524	201607	981.36	19610879	0
55038233	201606	15115.96	19610879	0
91323602	201611	7147.92	19610879	0
73409524	201611	5301.2	19610879	0
55038233	201611	12296	19610879	0
23755502	201607	2077.47	19610879	0
73409524	201611	729.64	19610879	0
55038233	201611	10378.52	19610879	0
73409524	201609	3712	19610879	0
55038233	201606	9193	19610879	0
73409524	201610	1665.76	19610879	0
94149067	201605	585	19610879	0
55038233	201608	12746.08	19610879	0
55038233	201612	7471.56	19610879	0
55038233	201611	18391.8	19610879	0
23755502	201609	1248.16	19610879	0
73409524	201609	1009.2	19610879	0
93096717	201607	1000	K2736407	0
93096717	201607	1000	K2736407	0
93096717	201607	619	K2736407	0
88832583	201612	105033.81	BANAMEX	0
18949440	201611	4462.74	BANAMEX	0
64155989	201610	20395.7	BANAMEX	0
30304923	201605	50000	BANAMEX	0
17303359	201608	9976	BANAMEX	0
14343571	201606	120000	BANAMEX	0
57249785	201611	6716.4	BANAMEX	0
17289815	201605	37125	BANAMEX	0
95253028	201612	164560	BANAMEX	0
17868065	201607	22376.56	BANAMEX	0
34261147	201607	5800	BANAMEX	0
25676520	201608	93906.9	BANAMEX	0
17328597	201604	68811.55	BANAMEX	0
89806284	201604	1836911.73	BANAMEX	0
19156390	201608	9522.44	BANAMEX	0
17116032	201603	1160	BANAMEX	0
19389002	201610	304950.17	BANAMEX	0
81821654	201610	4633.53	BANAMEX	0
57249785	201605	550000	BANAMEX	0
26618889	201606	92132.89	BANAMEX	0
70858212	201612	28880.15	BANAMEX	0
34167697	201605	61360.25	BANAMEX	0
67550542	201605	61.92	BANAMEX	0
17937553	201605	85086.8	BANAMEX	0
90448117	201604	1609.5	BANAMEX	0
98919781	201604	14105	BANAMEX	0
14262224	201607	2088	BANAMEX	0
19243305	201610	3257.28	BANAMEX	0
83730261	201611	6214.06	BANAMEX	0
19203426	201608	1000	BANAMEX	0
48466453	201612	1499	BANAMEX	0
90448117	201606	1392	BANAMEX	0
63693316	201612	1612.34	BANAMEX	0
18457398	201609	508.84	BANAMEX	0
86105564	201604	13800	BANAMEX	0
22523989	201606	12180	BANAMEX	0
14058450	201607	5745.88	BANAMEX	0
17492862	201607	672.8	BANAMEX	0
18143077	201701	20000	BANAMEX	0
37401250	201609	89230	BANAMEX	0
22877264	201608	122623.8	BANAMEX	0
92006256	201606	58000	BANAMEX	1
90511324	201608	11648.39	BANAMEX	0
18494081	201607	37000	BANAMEX	0
49545632	201608	2465	BANAMEX	0
26177812	201610	3422	BANAMEX	0
77209416	201611	4249764.74	BANAMEX	0
17288951	201608	3700	BANAMEX	0
48226998	201609	82979.42	BANAMEX	0
71532293	201612	10022.4	BANAMEX	0
72243739	201610	12412	BANAMEX	0
70691482	201604	3360	BANAMEX	0
32018808	201610	1316	BANAMEX	0
21157774	201607	645.3	BANAMEX	0
21222387	201611	7052.8	BANAMEX	0
48226998	201607	1000000	BANAMEX	0
86105564	201608	2400	BANAMEX	0
26858450	201612	146928.76	BANAMEX	0
82016575	201611	1891.24	BANAMEX	0
89469933	201604	9997.02	BANAMEX	0
34290942	201611	5000000	BANAMEX	0
79010006	201606	1238937.29	BANAMEX	0
21019387	201611	5866.36	BANAMEX	0
39394247	201611	474727.68	BANAMEX	0
17059727	201701	13630	BANAMEX	0
71457588	201610	600000	BANAMEX	0
22368245	201607	6531.79	BANAMEX	0
91017983	201607	320000	BANAMEX	0
13171207	201608	8584	BANAMEX	0
21902581	201608	5889.35	BANAMEX	0
93756221	201605	40600	BANAMEX	0
20832206	201606	1000000	BANAMEX	0
15917238	201612	93217.04	BANAMEX	0
53798484	201612	20797.87	BANAMEX	0
17251402	201611	14305.4	BANAMEX	0
97359762	201611	48544.84	BANAMEX	0
17793141	201608	18423.07	BANAMEX	0
81024565	201606	12968	BANAMEX	0
19632577	201608	3978.8	BANAMEX	0
18653544	201609	900000	BANAMEX	0
11540962	201612	542864.92	BANAMEX	0
95245613	201609	12500	BANAMEX	0
11627606	201611	70000	BANAMEX	0
17331842	201609	5588.55	BANAMEX	0
17289569	201611	181542.33	BANAMEX	0
20858102	201604	1672.42	BANAMEX	0
21486520	201609	2000000	BANAMEX	0
33690452	201604	47239.09	BANAMEX	0
21172903	201607	7540	BANAMEX	0
67271162	201608	10208	BANAMEX	0
91017983	201604	1412.28	BANAMEX	0
36611079	201701	75000	BANAMEX	0
21172903	201609	700000	BANAMEX	0
17699867	201610	473238.29	BANAMEX	0
90448117	201609	4872	BANAMEX	0
12223040	201611	24253.73	BANAMEX	0
18637861	201604	80000	BANAMEX	0
17153976	201610	183567.68	BANAMEX	0
19186933	201604	839142.27	BANAMEX	0
97199648	201606	6256	BANAMEX	0
83704599	201610	500000	BANAMEX	0
19422329	201608	120000	BANAMEX	0
19389002	201605	26878.59	BANAMEX	0
15327921	201612	266333.88	BANAMEX	0
17059613	201607	3843.2	BANAMEX	0
19020671	201609	5140	BANAMEX	0
94799296	201612	7424	BANAMEX	0
50584639	201605	9970.88	BANAMEX	0
17912498	201605	30450	BANAMEX	0
11592447	201608	4690.4	BANAMEX	0
88142582	201608	100730.58	BANAMEX	0
20980859	201605	50000	BANAMEX	0
17262052	201609	10455.03	BANAMEX	0
15775987	201612	200000	BANAMEX	0
57249785	201608	5673.41	BANAMEX	0
49287121	201607	277351.51	BANAMEX	0
13146124	201612	37000	BANAMEX	0
38767383	201611	500000	BANAMEX	0
22741523	201605	1000	51903277	0
22741523	201607	1000	51903277	0
22741523	201611	1000	51903277	0
22741523	201609	1000	51903277	0
22741523	201604	1000	51903277	0
22741523	201605	1000	51903277	0
22741523	201604	1000	51903277	0
22741523	201608	1000	51903277	0
10285866	201604	13340	36001974	0
10285866	201604	5916	36001974	0
21634569	201606	255000	B0804842	0
58006126	201611	15775		0
26618889	201609	499		0
17232304	201608	104205.54		0
62531431	201701	1420		0
51767695	201612	14912.67		0
22188765	201604	2470		0
35403323	201610	6441.15		0
24818445	201612	500		0
97359762	201604	4000		0
19210257	201612	20854		0
30294235	201607	26390		0
60986645	201610	17944.22		0
17483205	201605	1499		0
38239488	201606	959942.42		0
94339128	201604	62		0
21766005	201612	8885.6		0
11020304	201612	10950		0
18307902	201607	128800		0
18671569	201609	173078.25		0
51767695	201610	11733.4		0
17235080	201701	118637.4		0
21893315	201612	300000		0
81544232	201609	999		0
17645048	201611	48286.89		0
17114745	201604	29748		0
36792413	201604	13006.8		0
25726051	201611	20684.83		0
13358987	201607	75207.83		0
77744511	201606	146657.93		0
21777279	201607	2570295		0
17775651	201608	50000		0
37156354	201611	140292.92		0
94133106	201604	3275		0
17630691	201611	79761.6		0
17116240	201611	263404.57		0
18730079	201609	10457		0
64047020	201605	148844.77		0
10070921	201606	68946.59		0
19216863	201607	34438.93		0
17279828	201612	3094		0
31887734	201604	1052000		0
17328703	201611	12320.6		0
14235512	201604	449		0
14401867	201611	530210.44		0
52924664	201610	400850.39		0
19804149	201606	299998.62		0
68158490	201608	3060		0
12236320	201608	590356		0
18457398	201607	150000		0
11628975	201610	102161.11		0
35843949	201610	57429.36		0
13171207	201604	4942.1		0
71512774	201604	369816.1		0
24227677	201607	67201.5		0
10721869	201611	823928.66		0
26177812	201612	12175.42		0
17053031	201604	44618.2		0
39339331	201604	58410.81		0
15536087	201609	63000		0
17919427	201609	157790.9		0
24227677	201607	13810		0
17279828	201606	2087		0
63164803	201611	799		0
94339128	201609	695.02		0
21381616	201609	690000		0
17289887	201610	29502.92		0
19051652	201603	127715		0
17578279	201612	103		0
23338580	201607	227177.2		0
17775651	201612	12653.13		0
17752906	201610	992		0
32018808	201611	26635.68		0
24264943	201606	127909.76		0
15802588	201610	14526.54		0
31633703	201611	444915		0
90355684	201606	12658		0
22926537	201612	1947		0
33846408	201605	175378.5		0
87969919	201612	20000		0
98142931	201607	11498		0
17766103	201611	405206.06		0
17933049	201605	16573		0
24264970	201604	2750		0
17279828	201610	2087		0
24004349	201605	8717.4		0
81024565	201610	499		0
17767584	201609	131268		0
17116240	201609	8750		0
74741100	201612	16606.78		0
75633818	201611	259		0
20825492	201611	90000		0
39336656	201606	736840		0
90425685	201606	15406		0
10740572	201608	123837.96		0
17955593	201612	1817.11		0
19422329	201610	890030.73		0
23379282	201611	4059.45		0
37070871	201606	58356.82		0
17279828	201604	619		0
13626109	201608	30031.36		0
17230045	201612	17102.35		0
37185992	201607	120296		0
17116240	201611	990.64		0
21766005	201607	14271.02		0
25984507	201609	502860		0
17226779	201609	71121		0
78579707	201611	549.01		0
78345870	201609	499		0
11339139	201612	93652.08		0
21277151	201605	49		0
18669535	201606	75848		0
35228507	201604	354		0
22056817	201609	28432.9		0
64340327	201605	259740		0
17262826	201605	14326.34		0
22188765	201607	5177.8		0
17766345	201510	8089		0
52356321	201611	6787.95		0
71745658	201606	313.2		0
17123295	201607	389908.7		0
21439081	201611	10652.81		0
24176554	201607	11712.99		0
19051652	201611	199		0
32018808	201607	3592.06		0
18524560	201611	5718136.17		0
18003089	201608	300		0
21886661	201612	972020.14		0
32612395	201606	5005		0
17279828	201611	2087		0
60986645	201604	20394.08		0
21564330	201610	23589.39		0
17630691	201605	69729.92		0
21893315	201608	270000		0
18697684	201701	1053		0
37281238	201610	28081.86		0
17389305	201610	182071.45		0
24999060	201608	41000		0
18566821	201612	2552	99702700	0
63693316	201609	488307.41	63693316	0
63693316	201610	200000	63693316	0
63693316	201605	239760	63693316	0
63693316	201611	200000	63693316	0
63693316	201612	67710.77	63693316	0
63693316	201612	70000	63693316	0
63693316	201612	50000	63693316	0
63693316	201611	210808.26	63693316	0
63693316	201611	1499.34	63693316	0
63693316	201612	71763.77	63693316	0
63693316	201612	430000	63693316	0
63693316	201609	227470.28	63693316	0
63693316	201605	209987	63693316	0
63693316	201610	200000	63693316	0
63693316	201612	10546.01	63693316	0
63693316	201609	290282	63693316	0
63693316	201612	1983.13	63693316	0
63693316	201612	41874.06	63693316	0
61837470	201606	1344.42	J1700699	0
95245613	201606	80000	53065492	0
72201800	201608	3117.05	91592471	0
32488543	201510	76120	J9726439	0
78345870	201603	29275.57	60491737	0
78345870	201612	1829.09	60491737	0
23572964	201604	1995.2	60491737	0
78345870	201605	6799.92	60491737	0
78345870	201609	7411.01	60491737	0
23572964	201611	7137.96	60491737	0
23572964	201608	5974.27	60491737	0
68141597	201610	2301.44	60491737	0
78345870	201612	37319.8	60491737	0
23572964	201611	4026.82	60491737	0
68141597	201605	2227.2	60491737	0
78345870	201611	5185.2	60491737	0
78345870	201610	27335.17	60491737	0
68141597	201608	2301.44	60491737	0
23572964	201605	5448.29	60491737	0
78345870	201604	4874.32	60491737	0
78345870	201612	5261.76	60491737	0
68141597	201606	2227.2	60491737	0
78345870	201607	5185.2	60491737	0
78345870	201609	9918	60491737	0
78345870	201609	9918	60491737	0
68141597	201608	2301.44	60491737	0
78345870	201606	4227.04	60491737	0
78345870	201609	3466.08	60491737	0
68141597	201612	2412.8	60491737	0
78345870	201604	1411.72	60491737	0
78345870	201701	7965.95	60491737	0
78345870	201608	8317.2	60491737	0
68141597	201607	2227.2	60491737	0
78345870	201605	15204.35	60491737	0
78345870	201608	16785.29	60491737	0
17226662	201701	1245.24	J8698563	0
17760018	201604	3480	11665385	0
17303594	201607	1500	00170513	0
17303594	201607	1900	00170513	0
17303594	201608	900	00170513	0
18946881	201612	29632.14	39447846	0
64594842	201605	3271.2	60374164	0
18156483	201609	1540.48	56283800	0
11473849	201612	16483.6	B1353708	0
11473849	201606	9813.6	B1353708	0
11473849	201610	17367.73	B1353708	0
11473849	201607	9820.56	B1353708	0
11473849	201610	7101.52	B1353708	0
11473849	201604	3518.51	B1353708	0
11473849	201606	4442.8	B1353708	0
11473849	201612	14845.68	B1353708	0
11473849	201612	13610.58	B1353708	0
11473849	201605	4164.4	B1353708	0
11473849	201607	9813.6	B1353708	0
11473849	201605	6400.88	B1353708	0
11473849	201606	4442.8	B1353708	0
11473849	201608	5742	B1353708	0
11473849	201607	9813.6	B1353708	0
11473849	201610	11637.12	B1353708	0
11473849	201611	7574.8	B1353708	0
11473849	201605	4442.8	B1353708	0
11473849	201604	3847.95	B1353708	0
11473849	201608	14813.2	B1353708	0
11473849	201607	4442.8	B1353708	0
11473849	201606	4442.8	B1353708	0
11473849	201604	3847.72	B1353708	0
11473849	201608	16634.4	B1353708	0
11473849	201607	14414.46	B1353708	0
11473849	201610	5730.4	B1353708	0
11473849	201701	16448.34	B1353708	0
11473849	201609	17947.06	B1353708	0
11473849	201609	6786	B1353708	0
11473849	201610	5776.8	B1353708	0
10934690	201606	140320.33	13373249	0
68873317	201604	117510.26	13373249	0
68873317	201607	127272.26	13373249	0
19203426	201609	13920	13373249	0
37185992	201608	12042.31	BANAMEX	0
65113456	201608	15764.4	BANAMEX	0
71976795	201612	1201079.91	BANAMEX	0
23184606	201610	5481	BANAMEX	0
59989151	201607	12736.8	BANAMEX	0
14242723	201610	19140	BANAMEX	0
18254023	201611	68724.2	BANAMEX	0
19535860	201610	210000	BANAMEX	0
26859043	201607	17578.66	BANAMEX	0
97153208	201606	165357.77	BANAMEX	0
50120360	201607	133105.48	BANAMEX	0
19389002	201607	24094.34	BANAMEX	0
17912498	201606	1276.86	BANAMEX	0
61837470	201612	479979	BANAMEX	0
17905879	201605	37070.11	BANAMEX	0
35555507	201606	546.94	BANAMEX	0
15327921	201606	10393.6	BANAMEX	0
57006400	201607	10346.4	BANAMEX	0
26177812	201608	490032	BANAMEX	0
25942890	201606	10563.72	BANAMEX	0
17320734	201610	460000	BANAMEX	0
55090402	201611	12180	BANAMEX	0
20963846	201612	2558.9	BANAMEX	0
55369965	201612	22418.54	BANAMEX	0
65113456	201611	57944	BANAMEX	0
21416207	201608	61108.8	BANAMEX	0
83064366	201606	14000	BANAMEX	0
49306066	201607	2187.53	BANAMEX	0
19343571	201612	10528	BANAMEX	0
61527670	201612	70000	BANAMEX	0
66224856	201609	4315.98	BANAMEX	0
18730079	201605	5317.44	BANAMEX	0
68158490	201611	76.74	BANAMEX	0
56279328	201608	2630.88	BANAMEX	0
25737949	201605	9887.61	BANAMEX	0
83064366	201609	69803.41	BANAMEX	0
90355684	201607	3248	BANAMEX	0
23236907	201604	628	BANAMEX	0
17760018	201606	6148	BANAMEX	0
23379282	201607	2000	BANAMEX	0
97199648	201607	10353	BANAMEX	0
48226998	201606	1100000	BANAMEX	0
19242555	201605	3677.2	BANAMEX	0
14401867	201607	6728	BANAMEX	0
25327799	201701	5000	BANAMEX	0
86105564	201606	5500	BANAMEX	0
26200994	201610	6574.4	BANAMEX	0
19513920	201607	1376.93	BANAMEX	0
17760018	201605	8584	BANAMEX	0
74741100	201607	3143	BANAMEX	0
17912550	201605	7214	BANAMEX	0
39182453	201605	27172.9	BANAMEX	0
17518148	201604	15305.41	BANAMEX	0
91017983	201604	817.43	BANAMEX	0
11052324	201607	2436	BANAMEX	0
23177190	201610	5280241.79	BANAMEX	0
80843112	201609	270000	BANAMEX	0
17933403	201608	2900	BANAMEX	0
14124278	201604	5312.8	BANAMEX	0
14192626	201606	1183.71	BANAMEX	0
83064366	201607	433000	BANAMEX	0
23184606	201612	4254.88	BANAMEX	0
26498673	201611	297083.54	BANAMEX	0
17116676	201611	31536.62	BANAMEX	0
37281238	201604	2388.56	BANAMEX	0
26798198	201610	138200	BANAMEX	0
55612110	201611	3449.95	BANAMEX	0
18730079	201611	5127.88	BANAMEX	0
11627606	201609	29120	BANAMEX	0
61061629	201608	6960	BANAMEX	0
24227677	201606	3103	BANAMEX	0
77809526	201606	363.13	BANAMEX	0
15327921	201612	10980.36	BANAMEX	0
26177812	201610	91013.97	BANAMEX	0
88142582	201610	71562.18	BANAMEX	0
16166058	201608	2109.36	BANAMEX	0
80152973	201611	648.86	BANAMEX	0
17775651	201607	764	BANAMEX	0
31681658	201606	5067.7	BANAMEX	0
69361912	201607	9265.54	BANAMEX	0
56279328	201608	52425	BANAMEX	0
90984883	201604	7675	BANAMEX	0
49673077	201610	250000	BANAMEX	0
79010006	201608	6994.79	BANAMEX	0
69903603	201607	36419.63	BANAMEX	0
18730079	201604	2000	BANAMEX	0
37156354	201604	1098.59	BANAMEX	0
17053010	201611	665536.39	BANAMEX	0
74233550	201604	18559.95	BANAMEX	0
19346849	201607	4772.59	BANAMEX	0
17955593	201607	4194.99	BANAMEX	0
37317308	201607	9379.89	BANAMEX	0
37156354	201611	711.99	BANAMEX	0
82701034	201607	10000	BANAMEX	0
72243739	201611	364.4	BANAMEX	0
17251402	201604	5000	BANAMEX	0
70500900	201607	1295	BANAMEX	0
91280394	201612	250	BANAMEX	0
18541757	201604	2660.89	BANAMEX	0
19156390	201607	1044	BANAMEX	0
18174906	201612	50000	BANAMEX	0
26821812	201611	50000	BANAMEX	0
17349831	201612	162185.77	BANAMEX	0
91143820	201607	1500	BANAMEX	0
68141597	201606	13561.2	BANAMEX	0
37730438	201605	30000	BANAMEX	0
17630691	201608	3169.99	BANAMEX	0
83064366	201609	258000	BANAMEX	0
23995069	201606	5336.54	BANAMEX	0
36221266	201701	5653.84	BANAMEX	0
51027050	201605	3473.04	BANAMEX	0
75828974	201604	9070.26	BANAMEX	0
13483113	201604	20000	BANAMEX	0
56517888	201604	1039.36	BANAMEX	0
50504955	201611	2320	BANAMEX	0
18174906	201604	32000	BANAMEX	0
72243739	201605	4350	BANAMEX	0
90919735	201603	975060.34	BANAMEX	0
14245362	201604	78000	BANAMEX	0
15536087	201605	11419.82	BANAMEX	0
97908090	201611	14152	BANAMEX	0
91017983	201604	2181.42	BANAMEX	0
67952499	201608	14906	BANAMEX	0
15327921	201610	14490.67	BANAMEX	0
32241734	201607	38455.04	BANAMEX	0
50899480	201605	1240.79	26111794	0
50899480	201605	1235.16	26111794	0
50899480	201606	2916	26111794	0
50899480	201606	1630	26111794	0
50899480	201605	8019.96	26111794	0
50899480	201604	4585.09	26111794	0
50899480	201604	1000	26111794	0
50899480	201605	1175.1	26111794	0
17298440	201607	3230.91	49504926	0
17298440	201608	2251	49504926	0
17298440	201609	949.99	49504926	0
17298440	201612	3043.7	49504926	0
17298440	201604	5000	49504926	0
17298440	201611	754	49504926	0
17298440	201610	2134.6	49504926	0
13146124	201612	4002	97622029	0
93718694	201608	42899.98	19546526	0
93718694	201608	42899.98	19546526	0
93718694	201607	42899.98	19546526	0
93718694	201608	42899.98	19546526	0
36949780	201611	95086.13	62631924	0
36949780	201611	51888.83	62631924	0
36949780	201612	2081.23	62631924	0
56517888	201606	1392	62631924	0
73699617	201608	4612	62631924	0
73699617	201612	1790.03	62631924	0
19341781	201610	2758.2	J7176539	0
19341781	201609	3000	J7176539	0
17343794	201612	72045.87	79217846	0
94434413	201612	4764.33	59831021	0
94434413	201605	3394.82	59831021	0
94434413	201608	5227.09	59831021	0
94434413	201607	5995	59831021	0
94434413	201610	3313.15	59831021	0
94434413	201610	4304.15	59831021	0
11857019	201605	6750000		0
17289831	201612	455613.39		0
17630691	201611	102172.8		0
70858212	201605	3491.6		0
21893315	201604	250000		0
17349831	201612	15131.17		0
20858102	201612	23813.63		0
11020304	201608	6497.06		0
37283376	201605	40000		0
60418897	201605	299		0
90445861	201612	1237541		0
17244386	201611	3563		0
11528216	201606	14846.04		0
33144908	201607	5813.75		0
20983206	201606	6463		0
79010006	201607	469449.99		0
22441457	201605	3644.45		0
17289815	201611	1071.97		0
24728378	201611	1633		0
17116465	201604	156729		0
26696461	201608	46400		0
51216708	201603	527000		0
70500900	201611	453675.69		0
18697684	201604	46679.51		0
22441457	201604	3137.98		0
72106650	201612	247000		0
18486093	201607	81609.3		0
23995069	201608	5398		0
35554375	201606	183599		0
31633703	201610	5606.96		0
17225104	201611	120379.99		0
35569880	201611	2212650		0
72182772	201608	2135		0
49152796	201606	1697945		0
18486093	201609	121196.32		0
76375545	201608	4798.43		0
20693827	201607	5544966.92		0
15859405	201607	4182.8		0
23615309	201606	439144.52		0
33846408	201607	126486.9		0
19105752	201701	26372.69		0
38739368	201605	33899		0
75828974	201604	8374.93		0
30564233	201605	223633.62		0
33905998	201701	62952		0
17252378	201609	11755.3		0
57006400	201611	16447.74		0
17225104	201611	224139.45		0
83613661	201606	150000		0
17235080	201604	222		0
90823360	201604	121490		0
17998451	201604	463		0
90872235	201612	71250		0
18671569	201604	6728		0
12714822	201609	250000		0
21063858	201604	4041.96		0
17933403	201609	599		0
17279828	201609	2087		0
17767584	201609	34167.02		0
17518760	201605	548647		0
19051652	201610	41000		0
36368525	201612	66701.18		0
33144908	201612	16538.17		0
63795871	201606	69559.01		0
14067055	201608	42356		0
18725246	201612	2699		0
11857019	201607	643		0
19341781	201610	70967.2		0
10076697	201608	7129.15		0
93756221	201612	1370000		0
14406199	201607	2651		0
17289825	201701	1242408.62		0
18524560	201610	42156.8		0
17052649	201609	1120.16		0
19100846	201607	33921		0
18796848	201606	23238		0
17328428	201611	269900		0
17955593	201605	45132.12		0
20826050	201610	24533.42		0
12523022	201610	2181810.64		0
94881830	201612	18634		0
15327921	201609	1014059.69		0
24032843	201605	1568147.24		0
57249785	201607	1044482.16		0
17115803	201609	57877.87		0
48226998	201610	11698		0
17923735	201604	40152.97		0
32612395	201612	1916.69		0
25726051	201607	61976.64		0
18805847	201611	3482.3		0
96191266	201609	22676.5		0
19420444	201605	209.01		0
77340881	201605	2088		0
51243809	201610	1664		0
33845479	201607	1342		0
19667777	201611	214431		0
95679331	201608	3957.29		0
17797921	201606	59336.58		0
96057063	201609	24000		0
61527670	201510	259		0
17116465	201609	113716.67		0
49152796	201612	2756		0
39249659	201609	257514.25		0
49545632	201611	66244.24		0
55090402	201610	2416.82		0
55252388	201604	640		0
21774987	201608	799		0
71512774	201607	13420.28		0
86105564	201606	4990.08		0
22926537	201608	100000		0
54386136	201604	140		0
35050124	201608	33568.29		0
17320740	201609	59261		0
65055664	201610	789885		0
95488325	201609	25193		0
17328703	201605	834.73		0
49529169	201610	3396		0
97153208	201611	21550.99		0
17799777	201609	52662		0
75045861	201611	36991.78		0
35355448	201610	3886.44		0
18637861	201604	81900		0
19439906	201608	1887.92		0
70843712	201609	299		0
17766345	201606	18045.26		0
38239488	201612	32260		0
17759573	201604	65000		0
17578315	201605	38910.9		0
90782888	201611	74378.59		0
35873234	201612	171471.31		0
17767584	201606	2632.86		0
17630691	201610	96077.4		0
14248846	201608	119896.9		0
13207949	201611	106765		0
68873317	201604	238087.97	13373249	0
10934690	201605	100176.67	13373249	0
10934690	201608	120052.92	13373249	0
10934690	201701	119588.57	13373249	0
10934690	201610	170273.22	13373249	0
17081641	201612	3282.8	13373249	0
19377152	201604	493	13373249	0
71242679	201604	88.74	13373249	0
19377152	201610	2288.68	13373249	0
68873317	201609	452547.55	13373249	0
18967035	201607	27666	13373249	0
19203426	201610	13920	13373249	0
71242679	201604	2307.39	13373249	0
17226463	201604	5452	13373249	0
68873317	201606	215919.35	13373249	0
19377152	201608	1505.1	13373249	0
68873317	201606	4617.29	13373249	0
19652275	201611	1305	13373249	0
19203426	201609	13938.56	13373249	0
10934690	201609	81993.64	13373249	0
17576235	201605	4292	13373249	0
10934690	201609	170284.46	13373249	0
10934690	201607	118281.01	13373249	0
19203426	201611	14179.84	13373249	0
68873317	201612	18868.85	13373249	0
10934690	201611	173536.86	13373249	0
17576235	201604	3050.8	13373249	0
18967035	201604	3480	13373249	0
10934690	201606	9019.01	13373249	0
17226463	201607	5452	13373249	0
19100846	201607	141.52	13373249	0
71242679	201612	4936.85	13373249	0
19377152	201606	1479	13373249	0
